Rect 1
4017 5545 113 112
Rect 2
3896 5545 112 112
Rect 3
3774 5545 111 112
Rect 4
3652 5545 112 112
Rect 5
3530 5545 111 112
Rect 6
3382 5545 109 112
Rect 7
3259 5545 111 112
Rect 8
3137 5545 111 112
Rect 9
3014 5545 111 112
Rect 10
2893 5545 111 112
Rect 11
2743 5545 112 112
Rect 12
2621 5545 111 112
Rect 13
2499 5545 111 112
Rect 14
2377 5545 111 112
Rect 15
2256 5545 109 112
Rect 16
4017 5026 113 111
Rect 17
3896 5026 112 111
Rect 18
3773 5026 112 113
Rect 19
3652 5026 112 111
Rect 20
3530 5026 111 113
Rect 21
4017 4868 113 112
Rect 22
3896 4868 112 112
Rect 23
3774 4868 111 112
Rect 24
3652 4868 112 112
Rect 25
3530 4868 111 112
Rect 26
4017 4710 113 113
Rect 27
3896 4710 112 113
Rect 28
3774 4710 111 113
Rect 29
3652 4710 112 113
Rect 30
3530 4710 111 113
Rect 31
4017 4543 113 111
Rect 32
3896 4543 112 111
Rect 33
3774 4543 111 111
Rect 34
3652 4543 112 111
Rect 35
3530 4543 113 111
Rect 36
4017 4376 113 111
Rect 37
3896 4376 112 111
Rect 38
3774 4376 111 111
Rect 39
3652 4376 112 111
Rect 40
3530 4376 111 111
Rect 41
4017 4219 113 111
Rect 42
3896 4219 112 111
Rect 43
3774 4219 111 111
Rect 44
3652 4219 112 111
Rect 45
3530 4219 111 111
Rect 46
4017 4060 113 113
Rect 47
3896 4060 112 113
Rect 48
3773 4060 112 113
Rect 49
3652 4060 112 113
Rect 50
3530 4060 111 113
Rect 51
4017 3532 113 112
Rect 52
3896 3532 112 112
Rect 53
3774 3532 111 112
Rect 54
3652 3532 112 112
Rect 55
3530 3532 111 112
Rect 56
3382 3532 109 112
Rect 57
3259 3532 111 112
Rect 58
3137 3532 111 112
Rect 59
3014 3532 111 112
Rect 60
2893 3532 111 112
Rect 61
2743 3532 112 112
Rect 62
2621 3532 111 112
Rect 63
2499 3532 111 112
Rect 64
2377 3532 111 112
Rect 65
2256 3532 109 112
Rect 66
4017 3374 113 111
Rect 67
3896 3374 112 111
Rect 68
3774 3374 111 111
Rect 69
3652 3374 112 111
Rect 70
3530 3374 113 111
Rect 71
3380 3374 113 111
Rect 72
3259 3374 111 111
Rect 73
3137 3374 111 111
Rect 74
3014 3374 111 111
Rect 75
2893 3374 111 111
Rect 76
2743 3374 112 111
Rect 77
2621 3374 111 111
Rect 78
2499 3374 111 111
Rect 79
2377 3374 111 111
Rect 80
2256 3374 109 111
Rect 81
4017 3217 113 111
Rect 82
3896 3217 112 111
Rect 83
3774 3217 111 111
Rect 84
3652 3217 112 111
Rect 85
3530 3217 113 111
Rect 86
3380 3217 113 111
Rect 87
3259 3217 111 111
Rect 88
3137 3217 111 111
Rect 89
3014 3217 111 111
Rect 90
2893 3217 111 111
Rect 91
2743 3217 112 111
Rect 92
2621 3217 111 113
Rect 93
2499 3217 111 113
Rect 94
2377 3217 111 111
Rect 95
2256 3217 109 111
Rect 96
4017 3060 113 111
Rect 97
3896 3060 112 111
Rect 98
3773 3060 112 111
Rect 99
3652 3060 112 111
Rect 100
3530 3060 111 111
Rect 101
3382 3060 111 111
Rect 102
3259 3060 111 111
Rect 103
3137 3060 111 111
Rect 104
3014 3060 111 111
Rect 105
2893 3060 111 111
Rect 106
2743 3060 112 111
Rect 107
2621 3060 111 111
Rect 108
2499 3060 111 111
Rect 109
2377 3060 111 111
Rect 110
2256 3060 109 111
Rect 111
4017 2757 113 111
Rect 112
3896 2757 112 111
Rect 113
3774 2757 111 111
Rect 114
3652 2757 112 111
Rect 115
3259 2757 111 111
Rect 116
3137 2757 111 111
Rect 117
3014 2757 111 111
Rect 118
2893 2757 111 111
Rect 119
2743 2757 112 111
Rect 120
2499 2757 111 111
Rect 121
2377 2757 111 111
Rect 122
2256 2757 109 111
Rect 123
3530 2757 113 111
Rect 124
3382 2756 111 112
Rect 125
2621 2756 111 112
