Rect 1
3952 5972 158 158
Rect 2
3766 5972 158 158
Rect 3
3582 5972 157 158
Rect 4
3952 5645 158 156
Rect 5
3766 5644 158 156
Rect 6
3582 5644 158 157
Rect 7
3952 5298 158 158
Rect 8
3766 5298 159 158
Rect 9
3582 5298 158 158
Rect 10
3952 4952 158 158
Rect 11
3766 4952 158 158
Rect 12
3582 4952 157 158
Rect 13
3952 4606 158 158
Rect 14
3766 4606 158 158
Rect 15
3582 4606 158 158
Rect 16
3952 4260 158 158
Rect 17
3766 4260 159 158
Rect 18
3582 4260 158 159
Rect 19
3952 3914 158 158
Rect 20
3766 3914 158 158
Rect 21
3582 3914 158 159
Rect 22
3952 3568 158 158
Rect 23
3766 3568 158 159
Rect 24
3582 3568 158 159
Rect 25
3952 3222 158 159
Rect 26
3766 3222 158 159
Rect 27
3582 3222 156 159
Rect 28
3952 2876 158 158
Rect 29
3766 2876 159 158
Rect 30
3582 2876 158 159
Rect 31
3952 2530 158 158
Rect 32
3766 2530 159 158
Rect 33
3582 2530 158 158
Rect 34
3952 2184 158 158
Rect 35
3766 2184 159 158
Rect 36
3582 2184 158 159
Rect 37
3952 1839 158 158
Rect 38
3766 1838 159 158
Rect 39
3582 1838 158 158
Rect 40
3952 1437 158 158
Rect 41
3766 1437 158 158
Rect 42
3582 1437 158 158
