Rect 1
4017 5671 113 112
Rect 2
3896 5671 112 112
Rect 3
3774 5671 111 112
Rect 4
3652 5671 112 112
Rect 5
3530 5671 111 112
Rect 6
3382 5671 109 112
Rect 7
3259 5671 111 112
Rect 8
3137 5671 111 112
Rect 9
3014 5671 111 112
Rect 10
2893 5671 111 112
Rect 11
2743 5671 112 112
Rect 12
2621 5671 111 112
Rect 13
2499 5671 111 112
Rect 14
2377 5671 111 112
Rect 15
2256 5671 109 112
Rect 16
4017 5152 113 112
Rect 17
3896 5152 112 112
Rect 18
3774 5152 111 112
Rect 19
3652 5152 112 112
Rect 20
3530 5152 111 112
Rect 21
4017 4993 113 113
Rect 22
3896 4993 112 113
Rect 23
3774 4993 111 113
Rect 24
3652 4993 112 113
Rect 25
3530 4993 111 113
Rect 26
4017 4838 113 111
Rect 27
3896 4838 112 111
Rect 28
3652 4838 112 111
Rect 29
3773 4836 112 113
Rect 30
3530 4838 113 111
Rect 31
4017 4670 113 111
Rect 32
3896 4670 112 111
Rect 33
3773 4670 112 111
Rect 34
3652 4670 112 111
Rect 35
3530 4670 111 111
Rect 36
4017 4502 113 112
Rect 37
3896 4502 112 112
Rect 38
3774 4502 111 112
Rect 39
3652 4502 112 112
Rect 40
3530 4502 113 112
Rect 41
4017 4345 113 111
Rect 42
3896 4345 112 111
Rect 43
3774 4345 111 111
Rect 44
3652 4345 112 111
Rect 45
3530 4345 111 111
Rect 46
4017 4187 113 111
Rect 47
3896 4187 112 111
Rect 48
3773 4187 112 111
Rect 49
3652 4187 112 111
Rect 50
3530 4187 111 111
Rect 51
4017 3657 113 113
Rect 52
3896 3657 112 113
Rect 53
3774 3657 111 113
Rect 54
3652 3657 112 113
Rect 55
3530 3657 111 113
Rect 56
3382 3657 111 113
Rect 57
3259 3657 111 113
Rect 58
3137 3657 111 113
Rect 59
3014 3657 111 113
Rect 60
2893 3657 111 113
Rect 61
2743 3657 112 113
Rect 62
2621 3657 111 113
Rect 63
2499 3657 111 113
Rect 64
2377 3657 111 113
Rect 65
2256 3657 109 113
Rect 66
4017 3500 113 111
Rect 67
3896 3500 112 111
Rect 68
3774 3500 111 111
Rect 69
3652 3500 112 111
Rect 70
3530 3500 113 111
Rect 71
3382 3500 111 111
Rect 72
3259 3500 111 111
Rect 73
3137 3500 111 111
Rect 74
3014 3500 111 111
Rect 75
2893 3500 111 111
Rect 76
2743 3500 112 111
Rect 77
2621 3500 111 111
Rect 78
2499 3500 111 111
Rect 79
2377 3500 111 111
Rect 80
2256 3500 109 111
Rect 81
4017 3343 113 111
Rect 82
3896 3343 112 112
Rect 83
3774 3343 111 112
Rect 84
3652 3343 112 112
Rect 85
3530 3343 113 112
Rect 86
3382 3343 111 112
Rect 87
3259 3343 111 111
Rect 88
3137 3343 111 112
Rect 89
3014 3343 111 112
Rect 90
2893 3343 111 111
Rect 91
2743 3343 112 112
Rect 92
2621 3343 111 112
Rect 93
2499 3343 111 112
Rect 94
2377 3343 111 112
Rect 95
2256 3343 111 112
Rect 96
4017 3186 113 111
Rect 97
3896 3186 112 111
Rect 98
3774 3186 111 111
Rect 99
3652 3186 112 111
Rect 100
3530 3186 111 111
Rect 101
3382 3186 109 111
Rect 102
3259 3186 111 111
Rect 103
3137 3186 111 111
Rect 104
3014 3186 111 111
Rect 105
2893 3186 111 111
Rect 106
2743 3186 112 111
Rect 107
2621 3186 111 111
Rect 108
2499 3186 111 111
Rect 109
2377 3186 111 111
Rect 110
2256 3186 109 111
Rect 111
4017 2883 113 111
Rect 112
3896 2883 112 111
Rect 113
3774 2883 111 111
Rect 114
3652 2883 112 111
Rect 115
3530 2883 111 111
Rect 116
3382 2883 109 111
Rect 117
3259 2883 111 111
Rect 118
3137 2883 111 111
Rect 119
3014 2883 111 111
Rect 120
2893 2883 111 111
Rect 121
2743 2883 112 111
Rect 122
2621 2883 111 111
Rect 123
2499 2883 111 111
Rect 124
2377 2883 111 111
Rect 125
2256 2883 109 111
