Rect 1
3952 5955 158 158
Rect 2
3766 5955 158 158
Rect 3
3582 5955 157 158
Rect 4
3952 5554 158 162
Rect 5
3766 5554 158 162
Rect 6
3582 5554 158 163
Rect 7
3952 5148 158 162
Rect 8
3766 5148 159 162
Rect 9
3582 5148 158 163
Rect 10
3952 4742 158 163
Rect 11
3766 4742 158 164
Rect 12
3582 4742 158 164
Rect 13
3952 4336 158 164
Rect 14
3766 4336 158 164
Rect 15
3582 4336 157 164
Rect 16
3952 3930 158 164
Rect 17
3766 3930 158 164
Rect 18
3582 3930 157 164
Rect 19
3952 3524 158 162
Rect 20
3766 3525 159 162
Rect 21
3582 3524 158 163
Rect 22
3952 3118 158 164
Rect 23
3766 3119 158 164
Rect 24
3582 3118 158 164
Rect 25
3952 2713 158 163
Rect 26
3766 2713 158 164
Rect 27
3581 2713 158 164
Rect 28
3952 2307 158 164
Rect 29
3766 2307 158 164
Rect 30
3582 2307 157 164
Rect 31
3952 1902 158 164
Rect 32
3766 1902 159 163
Rect 33
3582 1902 158 163
Rect 34
3952 1444 158 158
Rect 35
3766 1444 159 157
Rect 36
3582 1444 158 158
