Rect 1
3963 5592 144 144
Rect 2
3782 5592 142 144
Rect 3
3602 5592 142 144
Rect 4
3373 5592 144 144
Rect 5
3192 5592 142 144
Rect 6
3010 5592 144 144
Rect 7
2782 5592 142 144
Rect 8
2602 5592 142 144
Rect 9
2420 5592 144 144
Rect 10
3963 5042 144 142
Rect 11
3782 5042 144 142
Rect 12
3602 5042 142 142
Rect 13
3963 4861 144 142
Rect 14
3782 4862 142 141
Rect 15
3602 4862 142 142
Rect 16
3963 4681 144 142
Rect 17
3782 4680 143 142
Rect 18
3602 4681 142 142
Rect 19
3963 4499 144 142
Rect 20
3782 4499 142 142
Rect 21
3602 4499 142 142
Rect 22
3963 3924 144 142
Rect 23
3782 3924 144 142
Rect 24
3602 3924 142 142
Rect 25
3373 3924 144 142
Rect 26
3192 3924 142 142
Rect 27
3010 3924 144 142
Rect 28
2782 3924 144 142
Rect 29
2602 3924 142 142
Rect 30
2420 3924 144 142
Rect 31
3963 3742 144 143
Rect 32
3782 3742 144 143
Rect 33
3602 3742 142 144
Rect 34
3373 3742 144 143
Rect 35
3193 3742 141 144
Rect 36
3010 3742 144 143
Rect 37
2783 3742 142 143
Rect 38
2602 3742 142 144
Rect 39
2420 3742 144 143
Rect 40
3963 3562 144 142
Rect 41
3782 3562 142 142
Rect 42
3602 3562 142 142
Rect 43
3373 3562 144 142
Rect 44
3192 3562 142 142
Rect 45
3010 3562 144 142
Rect 46
2782 3562 143 142
Rect 47
2602 3562 142 142
Rect 48
2420 3562 144 142
Rect 49
3963 3380 144 142
Rect 50
3782 3380 142 142
Rect 51
3602 3380 142 142
Rect 52
3373 3380 144 142
Rect 53
3193 3380 141 142
Rect 54
3010 3380 144 142
Rect 55
2783 3380 142 142
Rect 56
2602 3380 142 142
Rect 57
2420 3380 144 142
Rect 58
3963 3042 144 142
Rect 59
3782 3042 143 142
Rect 60
3602 3042 142 142
Rect 61
3373 3042 144 142
Rect 62
3192 3042 142 143
Rect 63
3010 3042 144 142
Rect 64
2782 3042 143 142
Rect 65
2602 3042 142 142
Rect 66
2420 3042 144 143
