Rect 1
3960 5992 142 142
Rect 2
3775 5992 142 142
Rect 3
3589 5992 142 142
Rect 4
3960 5706 142 142
Rect 5
3774 5707 142 142
Rect 6
3589 5706 142 142
Rect 7
3960 5404 142 144
Rect 8
3774 5405 142 143
Rect 9
3589 5404 142 143
Rect 10
3960 5104 142 142
Rect 11
3774 5104 142 142
Rect 12
3589 5104 142 142
Rect 13
3960 4802 142 143
Rect 14
3774 4802 143 142
Rect 15
3589 4802 142 142
Rect 16
3960 4500 142 142
Rect 17
3774 4501 142 142
Rect 18
3589 4500 142 142
Rect 19
3960 4199 142 143
Rect 20
3774 4199 142 142
Rect 21
3589 4199 142 142
Rect 22
3960 3898 142 142
Rect 23
3774 3898 142 142
Rect 24
3589 3898 142 142
Rect 25
3960 3596 142 143
Rect 26
3774 3596 142 142
Rect 27
3589 3596 142 142
Rect 28
3960 3294 142 142
Rect 29
3774 3295 143 142
Rect 30
3589 3294 142 142
Rect 31
3960 2993 142 143
Rect 32
3774 2993 142 142
Rect 33
3589 2993 142 142
Rect 34
3960 2692 142 142
Rect 35
3774 2692 142 142
Rect 36
3589 2692 142 142
Rect 37
3960 2390 142 144
Rect 38
3775 2390 142 144
Rect 39
3589 2390 142 144
Rect 40
3960 2088 142 142
Rect 41
3774 2089 142 142
Rect 42
3589 2088 142 142
Rect 43
3960 1787 142 142
Rect 44
3775 1787 142 142
Rect 45
3589 1787 142 142
Rect 46
3960 1430 142 143
Rect 47
3774 1431 142 142
Rect 48
3589 1430 142 142
