Rect 1
3900 5978 111 112
Rect 2
3777 5978 113 112
Rect 3
3656 5978 112 112
Rect 4
3533 5978 112 112
Rect 5
4022 5976 112 114
Rect 6
3900 4738 111 112
Rect 7
3776 4738 114 111
Rect 8
3656 4738 112 111
Rect 9
3534 4738 111 111
Rect 10
4022 4736 112 113
Rect 11
4022 4332 112 112
Rect 12
3900 4332 111 112
Rect 13
3777 4332 113 112
Rect 14
3656 4332 112 112
Rect 15
3533 4332 112 112
Rect 16
4020 3926 114 112
Rect 17
3776 3926 114 112
Rect 18
3656 3926 112 112
Rect 19
3534 3926 113 112
Rect 20
3900 3924 111 114
Rect 21
4022 3520 112 111
Rect 22
3900 3520 111 111
Rect 23
3777 3520 113 111
Rect 24
3656 3520 112 111
Rect 25
3533 3520 114 111
Rect 26
4022 3114 112 111
Rect 27
3900 3114 111 111
Rect 28
3777 3114 113 113
Rect 29
3656 3114 112 113
Rect 30
3534 3114 111 113
Rect 31
4022 2709 112 113
Rect 32
3900 2709 111 112
Rect 33
3777 2709 113 112
Rect 34
3656 2709 112 112
Rect 35
3534 2709 111 112
Rect 36
4022 2303 112 112
Rect 37
3900 2303 111 112
Rect 38
3777 2303 113 112
Rect 39
3656 2303 112 112
Rect 40
3534 2303 111 112
Rect 41
4022 1897 112 112
Rect 42
3777 1897 113 112
Rect 43
3656 1897 112 112
Rect 44
3534 1897 113 112
Rect 45
3900 1896 111 113
Rect 46
4022 1437 112 114
Rect 47
3900 1437 111 112
Rect 48
3533 1437 112 112
Rect 49
3777 1435 113 114
Rect 50
3656 1435 112 114
