Rect 1
4017 5609 113 111
Rect 2
3896 5609 112 111
Rect 3
3774 5609 111 111
Rect 4
3652 5609 112 111
Rect 5
3530 5609 113 111
Rect 6
3380 5609 113 111
Rect 7
3259 5609 111 111
Rect 8
3137 5609 111 111
Rect 9
3014 5609 111 111
Rect 10
2893 5609 111 111
Rect 11
2743 5609 112 111
Rect 12
2620 5609 112 111
Rect 13
2499 5609 111 111
Rect 14
2377 5609 111 111
Rect 15
2256 5609 109 111
Rect 16
4017 5058 113 112
Rect 17
3896 5058 112 112
Rect 18
3774 5058 111 112
Rect 19
3652 5058 112 112
Rect 20
3530 5058 111 112
Rect 21
3652 4878 112 111
Rect 22
4017 4876 113 113
Rect 23
3896 4876 112 113
Rect 24
3773 4876 112 113
Rect 25
3530 4878 113 111
Rect 26
4017 4696 113 111
Rect 27
3896 4696 112 111
Rect 28
3773 4696 114 111
Rect 29
3652 4696 112 111
Rect 30
3530 4696 111 111
Rect 31
4017 4515 113 111
Rect 32
3896 4515 112 111
Rect 33
3774 4515 111 111
Rect 34
3652 4515 112 111
Rect 35
3530 4515 111 112
Rect 36
4017 3939 113 112
Rect 37
3896 3939 112 112
Rect 38
3773 3939 112 112
Rect 39
3652 3939 112 112
Rect 40
3530 3939 111 112
Rect 41
3382 3939 111 112
Rect 42
3259 3939 111 112
Rect 43
3137 3939 111 112
Rect 44
3014 3939 111 112
Rect 45
2893 3939 111 112
Rect 46
2743 3939 112 112
Rect 47
2621 3939 111 112
Rect 48
2499 3939 111 112
Rect 49
2377 3939 111 112
Rect 50
2256 3939 109 112
Rect 51
4017 3757 113 113
Rect 52
3896 3757 112 113
Rect 53
3774 3757 111 113
Rect 54
3652 3757 112 113
Rect 55
3529 3757 114 113
Rect 56
3382 3757 109 113
Rect 57
3259 3757 111 113
Rect 58
3137 3757 111 113
Rect 59
3014 3757 111 113
Rect 60
2893 3757 111 113
Rect 61
2743 3757 112 113
Rect 62
2621 3757 111 113
Rect 63
2499 3757 111 113
Rect 64
2377 3757 111 113
Rect 65
2256 3757 109 113
Rect 66
4017 3577 113 111
Rect 67
3896 3577 112 111
Rect 68
3774 3577 111 111
Rect 69
3652 3577 112 111
Rect 70
3530 3577 113 111
Rect 71
3380 3577 113 111
Rect 72
3259 3577 111 111
Rect 73
3137 3577 111 111
Rect 74
3014 3577 111 111
Rect 75
2893 3577 111 111
Rect 76
2743 3577 112 111
Rect 77
2620 3577 112 113
Rect 78
2499 3577 111 113
Rect 79
2377 3577 111 111
Rect 80
2256 3577 109 111
Rect 81
4017 3396 113 112
Rect 82
3896 3396 112 112
Rect 83
3773 3396 112 112
Rect 84
3652 3396 112 112
Rect 85
3530 3396 111 112
Rect 86
3382 3396 111 112
Rect 87
3259 3396 111 112
Rect 88
3137 3396 111 112
Rect 89
3014 3396 111 112
Rect 90
2893 3396 111 112
Rect 91
2743 3396 112 112
Rect 92
2621 3396 111 112
Rect 93
2499 3396 111 112
Rect 94
2377 3396 111 112
Rect 95
2256 3396 109 112
Rect 96
4017 3057 113 111
Rect 97
3896 3057 112 111
Rect 98
3774 3057 111 111
Rect 99
3652 3057 112 111
Rect 100
3530 3057 113 113
Rect 101
3380 3057 113 113
Rect 102
3259 3057 111 113
Rect 103
3137 3057 111 111
Rect 104
3014 3057 111 111
Rect 105
2893 3057 111 111
Rect 106
2743 3057 112 111
Rect 107
2620 3057 112 113
Rect 108
2499 3057 111 113
Rect 109
2377 3057 111 111
Rect 110
2256 3057 109 111
