Rect 1
3952 3879 158 158
Rect 2
3766 3878 158 159
Rect 3
3582 3878 158 158
Rect 4
3952 3472 158 159
Rect 5
3766 3472 158 159
Rect 6
3582 3472 157 159
Rect 7
3952 3067 158 158
Rect 8
3766 3066 159 158
Rect 9
3582 3066 158 158
Rect 10
3952 2660 158 158
Rect 11
3766 2660 159 158
Rect 12
3582 2660 158 159
Rect 13
3952 2254 158 160
Rect 14
3766 2254 158 160
Rect 15
3582 2254 157 160
Rect 16
3952 1849 158 159
Rect 17
3766 1849 158 159
Rect 18
3582 1849 157 159
Rect 19
3952 1444 158 158
Rect 20
3766 1444 159 157
Rect 21
3582 1444 158 158
